26 650
1 2 -697
1 3 706
1 4 474
1 5 459
1 6 782
1 7 746
1 8 375
1 9 695
1 10 501
1 11 565
1 12 657
1 13 721
1 14 635
1 15 611
1 16 875
1 17 556
1 18 802
1 19 595
1 20 763
1 21 788
1 22 760
1 23 317
1 24 694
1 25 264
1 26 160
2 1 697
2 3 812
2 4 271
2 5 514
2 6 275
2 7 784
2 8 717
2 9 516
2 10 148
2 11 90
2 12 256
2 13 742
2 14 773
2 15 433
2 16 961
2 17 49
2 18 446
2 19 802
2 20 942
2 21 896
2 22 806
2 23 377
2 24 628
2 25 316
2 26 577
3 1 706
3 2 812
3 4 836
3 5 490
3 6 1161
3 7 123
3 8 636
3 9 890
3 10 794
3 11 800
3 12 650
3 13 124
3 14 906
3 15 788
3 16 1220
3 17 802
3 18 1207
3 19 388
3 20 279
3 21 110
3 22 144
3 23 705
3 24 404
3 25 768
3 26 677
4 1 474
4 2 271
4 3 836
4 5 377
4 6 477
4 7 1161
4 8 573
4 9 392
4 10 199
4 11 273
4 12 260
4 13 681
4 14 570
4 15 271
4 16 812
4 17 244
4 18 476
4 19 712
4 20 888
4 21 908
4 22 734
4 23 129
4 24 673
4 25 92
4 26 300
5 1 459
5 2 514
5 3 490
5 4 377
5 6 687
5 7 886
5 8 78
5 9 485
5 10 469
5 11 380
5 12 263
5 13 618
5 14 721
5 15 452
5 16 915
5 17 353
5 18 691
5 19 572
5 20 824
5 21 846
5 22 654
5 23 235
5 24 654
5 25 322
5 26 419
6 1 782
6 2 275
6 3 1161
6 4 477
6 5 687
6 7 1024
6 8 952
6 9 844
6 10 285
6 11 241
6 12 398
6 13 441
6 14 860
6 15 412
6 16 477
6 17 180
6 18 123
6 19 588
6 20 1185
6 21 1229
6 22 1163
6 23 602
6 24 929
6 25 553
6 26 710
7 1 746
7 2 784
7 3 123
7 4 1161
7 5 886
7 6 1024
7 8 718
7 9 1147
7 10 1051
7 11 1058
7 12 908
7 13 292
7 14 1180
7 15 1042
7 16 1332
7 17 1075
7 18 1330
7 19 529
7 20 297
7 21 235
7 22 89
7 23 831
7 24 585
7 25 956
7 26 865
8 1 375
8 2 717
8 3 636
8 4 573
8 5 78
8 6 952
8 7 718
8 9 826
8 10 579
8 11 666
8 12 394
8 13 822
8 14 1042
8 15 684
8 16 1212
8 17 777
8 18 1127
8 19 511
8 20 599
8 21 635
8 22 628
8 23 493
8 24 560
8 25 504
8 26 671
9 1 695
9 2 516
9 3 890
9 4 392
9 5 485
9 6 844
9 7 1147
9 8 826
9 10 376
9 11 356
9 12 513
9 13 772
9 14 304
9 15 137
9 16 285
9 17 419
9 18 252
9 19 417
9 20 1150
9 21 1194
9 22 1128
9 23 529
9 24 856
9 25 377
9 26 386
10 1 501
10 2 148
10 3 794
10 4 199
10 5 469
10 6 285
10 7 1051
10 8 579
10 9 376
10 11 158
10 12 315
10 13 736
10 14 566
10 15 196
10 16 702
10 17 180
10 18 401
10 19 802
10 20 949
10 21 903
10 22 813
10 23 346
10 24 585
10 25 275
10 26 537
11 1 565
11 2 90
11 3 800
11 4 273
11 5 380
11 6 241
11 7 1058
11 8 666
11 9 356
11 10 158
11 12 237
11 13 749
11 14 572
11 15 215
11 16 771
11 17 71
11 18 451
11 19 712
11 20 859
11 21 813
11 22 721
11 23 407
11 24 631
11 25 244
11 26 497
12 1 657
12 2 256
12 3 650
12 4 260
12 5 263
12 6 398
12 7 908
12 8 394
12 9 513
12 10 315
12 11 237
12 13 513
12 14 612
12 15 280
12 16 881
12 17 295
12 18 619
12 19 671
12 20 827
12 21 784
12 22 678
12 23 394
12 24 582
12 25 178
12 26 438
13 1 721
13 2 742
13 3 124
13 4 681
13 5 618
13 6 441
13 7 292
13 8 822
13 9 772
13 10 736
13 11 749
13 12 513
13 14 779
13 15 641
13 16 1024
13 17 730
13 18 1084
13 19 316
13 20 385
13 21 218
13 22 220
13 23 797
13 24 418
13 25 881
13 26 790
14 1 635
14 2 773
14 3 906
14 4 570
14 5 721
14 6 860
14 7 1180
14 8 1042
14 9 304
14 10 566
14 11 572
14 12 612
14 13 779
14 15 344
14 16 833
14 17 549
14 18 330
14 19 888
14 20 1035
14 21 989
14 22 899
14 23 598
14 24 819
14 25 349
14 26 611
15 1 611
15 2 433
15 3 788
15 4 271
15 5 452
15 6 412
15 7 1042
15 8 684
15 9 137
15 10 196
15 11 215
15 12 280
15 13 641
15 14 344
15 16 617
15 17 309
15 18 476
15 19 673
15 20 820
15 21 774
15 22 682
15 23 417
15 24 644
15 25 221
15 26 479
16 1 875
16 2 961
16 3 1220
16 4 812
16 5 915
16 6 477
16 7 1332
16 8 1212
16 9 285
16 10 702
16 11 771
16 12 881
16 13 1024
16 14 833
16 15 617
16 17 796
16 18 721
16 19 1028
16 20 1259
16 21 1214
16 22 1093
16 23 695
16 24 989
16 25 555
16 26 761
17 1 556
17 2 49
17 3 802
17 4 244
17 5 353
17 6 180
17 7 1075
17 8 777
17 9 419
17 10 180
17 11 71
17 12 295
17 13 730
17 14 549
17 15 309
17 16 796
17 18 423
17 19 786
17 20 933
17 21 887
17 22 795
17 23 493
17 24 708
17 25 216
17 26 472
18 1 802
18 2 446
18 3 1207
18 4 476
18 5 691
18 6 123
18 7 1330
18 8 1127
18 9 252
18 10 401
18 11 451
18 12 619
18 13 1084
18 14 330
18 15 476
18 16 721
18 17 423
18 19 931
18 20 1071
18 21 1025
18 22 935
18 23 596
18 24 799
18 25 477
18 26 736
19 1 595
19 2 802
19 3 388
19 4 712
19 5 572
19 6 588
19 7 529
19 8 511
19 9 417
19 10 802
19 11 712
19 12 671
19 13 316
19 14 888
19 15 673
19 16 1028
19 17 786
19 18 931
19 20 337
19 21 365
19 22 299
19 23 525
19 24 184
19 25 557
19 26 392
20 1 763
20 2 942
20 3 279
20 4 888
20 5 824
20 6 1185
20 7 297
20 8 599
20 9 1150
20 10 949
20 11 859
20 12 827
20 13 385
20 14 1035
20 15 820
20 16 1259
20 17 933
20 18 1071
20 19 337
20 21 46
20 22 40
20 23 820
20 24 165
20 25 805
20 26 568
21 1 788
21 2 896
21 3 110
21 4 908
21 5 846
21 6 1229
21 7 235
21 8 635
21 9 1194
21 10 903
21 11 813
21 12 784
21 13 218
21 14 989
21 15 774
21 16 1214
21 17 887
21 18 1025
21 19 365
21 20 46
21 22 90
21 23 847
21 24 177
21 25 851
21 26 610
22 1 760
22 2 806
22 3 144
22 4 734
22 5 654
22 6 1163
22 7 89
22 8 628
22 9 1128
22 10 813
22 11 721
22 12 678
22 13 220
22 14 899
22 15 682
22 16 1093
22 17 795
22 18 935
22 19 299
22 20 40
22 21 90
22 23 807
22 24 145
22 25 817
22 26 577
23 1 317
23 2 377
23 3 705
23 4 129
23 5 235
23 6 602
23 7 831
23 8 493
23 9 529
23 10 346
23 11 407
23 12 394
23 13 797
23 14 598
23 15 417
23 16 695
23 17 493
23 18 596
23 19 525
23 20 820
23 21 847
23 22 807
23 24 671
23 25 282
23 26 552
24 1 694
24 2 628
24 3 404
24 4 673
24 5 654
24 6 929
24 7 585
24 8 560
24 9 856
24 10 585
24 11 631
24 12 582
24 13 418
24 14 819
24 15 644
24 16 989
24 17 708
24 18 799
24 19 184
24 20 165
24 21 177
24 22 145
24 23 671
24 25 536
24 26 313
25 1 264
25 2 316
25 3 768
25 4 92
25 5 322
25 6 553
25 7 956
25 8 504
25 9 377
25 10 275
25 11 244
25 12 178
25 13 881
25 14 349
25 15 221
25 16 555
25 17 216
25 18 477
25 19 557
25 20 805
25 21 851
25 22 817
25 23 282
25 24 536
25 26 257
26 1 160
26 2 577
26 3 677
26 4 300
26 5 419
26 6 710
26 7 865
26 8 671
26 9 386
26 10 537
26 11 497
26 12 438
26 13 790
26 14 611
26 15 479
26 16 761
26 17 472
26 18 736
26 19 392
26 20 568
26 21 610
26 22 577
26 23 552
26 24 313
26 25 257